1045	7.44966443
1047	9.194630872
1048	8.993288591
1049	8.993288591
1050	9.395973154
1051	9.194630872
1052	9.060402685
1053	10
1054	10.46979866
1055	9.395973154
1056	10.60402685
1057	10.20134228
1058	10.33557047
1059	10.06711409
1060	9.932885906
1061	8.993288591
1062	10.73825503
1063	9.530201342
1064	7.986577181
1065	9.395973154
1066	10.26845638
1067	8.859060403
1068	9.060402685
1069	9.597315436
1070	9.127516779
1071	8.993288591
1072	8.926174497
1073	11.40939597
1075	12.41610738
1076	8.859060403
1077	10.93959732
1078	8.657718121
1080	5.302013423
1082	3.758389262
1083	2.953020134
1084	3.22147651
1086	2.953020134
1087	3.691275168
1088	0.872483221